{OVL
afr:356
bfr:450
ori:I
olt:D
ahg:2
bhg:2
qua:0.000000
mno:0
mxo:0
pct:0
}
{OVL
afr:218
bfr:15
ori:N
olt:D
ahg:59
bhg:50
qua:0.000000
mno:0
mxo:0
pct:0
}
